Ctx_V1_L
1 63 5 255 255
Ctx_MST_L
2 54 103 129 255
Ctx_V6_L
3 62 78 178 255
Ctx_V2_L
4 23 50 233 255
Ctx_V3_L
5 15 40 226 255
Ctx_V4_L
6 14 28 214 255
Ctx_V8_L
7 26 47 201 255
Ctx_4_L
8 33 178 20 255
Ctx_3b_L
9 35 205 21 255
Ctx_FEF_L
10 134 143 137 255
Ctx_PEF_L
11 141 166 152 255
Ctx_55b_L
12 62 88 47 255
Ctx_V3A_L
13 7 57 246 255
Ctx_RSC_L
14 153 64 133 255
Ctx_POS2_L
15 186 86 188 255
Ctx_V7_L
16 18 70 195 255
Ctx_IPS1_L
17 57 114 160 255
Ctx_FFC_L
18 57 89 117 255
Ctx_V3B_L
19 25 47 206 255
Ctx_LO1_L
20 0 49 184 255
Ctx_LO2_L
21 18 33 181 255
Ctx_PIT_L
22 34 43 171 255
Ctx_MT_L
23 31 86 104 255
Ctx_A1_L
24 235 19 47 255
Ctx_PSL_L
25 122 79 56 255
Ctx_SFL_L
26 31 49 22 255
Ctx_PCV_L
27 138 128 153 255
Ctx_STV_L
28 142 87 76 255
Ctx_7Pm_L
29 149 181 188 255
Ctx_7m_L
30 42 31 44 255
Ctx_POS1_L
31 81 54 98 255
Ctx_23d_L
32 127 56 91 255
Ctx_v23ab_L
33 29 0 14 255
Ctx_d23ab_L
34 63 17 47 255
Ctx_31pv_L
35 54 11 42 255
Ctx_5m_L
36 48 163 48 255
Ctx_5mv_L
37 153 172 136 255
Ctx_23c_L
38 205 190 194 255
Ctx_5L_L
39 64 154 64 255
Ctx_24dd_L
40 69 161 44 255
Ctx_24dv_L
41 119 159 66 255
Ctx_7AL_L
42 115 194 134 255
Ctx_SCEF_L
43 110 146 86 255
Ctx_6ma_L
44 144 179 135 255
Ctx_7Am_L
45 184 243 224 255
Ctx_7PL_L
46 169 246 237 255
Ctx_7PC_L
47 68 177 108 255
Ctx_LIPv_L
48 63 113 158 255
Ctx_VIP_L
49 50 129 137 255
Ctx_MIP_L
50 136 206 204 255
Ctx_1_L
51 20 191 38 255
Ctx_2_L
52 48 176 62 255
Ctx_3a_L
53 47 216 22 255
Ctx_6d_L
54 26 158 32 255
Ctx_6mp_L
55 64 159 38 255
Ctx_6v_L
56 71 168 50 255
Ctx_p24pr_L
57 146 136 107 255
Ctx_33pr_L
58 129 106 103 255
Ctx_a24pr_L
59 176 133 130 255
Ctx_p32pr_L
60 163 142 121 255
Ctx_a24_L
61 67 12 25 255
Ctx_d32_L
62 90 41 50 255
Ctx_8BM_L
63 105 83 81 255
Ctx_p32_L
64 95 32 52 255
Ctx_10r_L
65 25 12 1 255
Ctx_47m_L
66 96 75 66 255
Ctx_8Av_L
67 53 54 43 255
Ctx_8Ad_L
68 63 67 48 255
Ctx_9m_L
69 43 35 18 255
Ctx_8BL_L
70 34 39 20 255
Ctx_9p_L
71 38 43 28 255
Ctx_10d_L
72 38 35 24 255
Ctx_8C_L
73 101 85 84 255
Ctx_44_L
74 88 88 62 255
Ctx_45_L
75 60 63 42 255
Ctx_47l_L
76 51 49 31 255
Ctx_a47r_L
77 77 76 66 255
Ctx_6r_L
78 178 214 151 255
Ctx_IFJa_L
79 126 119 95 255
Ctx_IFJp_L
80 137 160 132 255
Ctx_IFSp_L
81 97 98 87 255
Ctx_IFSa_L
82 188 201 178 255
Ctx_p9_46v_L
83 138 149 134 255
Ctx_46_L
84 207 217 200 255
Ctx_a9_46v_L
85 145 112 128 255
Ctx_9_46d_L
86 140 117 131 255
Ctx_9a_L
87 55 52 45 255
Ctx_10v_L
88 14 35 14 255
Ctx_a10p_L
89 98 75 89 255
Ctx_10pp_L
90 55 62 58 255
Ctx_11l_L
91 129 106 118 255
Ctx_13l_L
92 82 60 69 255
Ctx_OFC_L
93 40 35 31 255
Ctx_47s_L
94 66 35 33 255
Ctx_LIPd_L
95 155 180 202 255
Ctx_6a_L
96 121 192 136 255
Ctx_i6_8_L
97 90 98 83 255
Ctx_s6_8_L
98 88 92 73 255
Ctx_43_L
99 145 138 64 255
Ctx_OP4_L
100 114 157 49 255
Ctx_OP1_L
101 99 158 35 255
Ctx_OP2_3_L
102 145 127 52 255
Ctx_52_L
103 208 72 66 255
Ctx_RI_L
104 178 61 23 255
Ctx_PFcm_L
105 190 144 89 255
Ctx_PoI2_L
106 131 124 83 255
Ctx_TA2_L
107 130 42 27 255
Ctx_FOP4_L
108 182 148 129 255
Ctx_MI_L
109 157 116 106 255
Ctx_Pir_L
110 90 66 65 255
Ctx_AVI_L
111 141 72 83 255
Ctx_AAIC_L
112 85 35 44 255
Ctx_FOP1_L
113 160 153 88 255
Ctx_FOP3_L
114 175 137 99 255
Ctx_FOP2_L
115 99 156 51 255
Ctx_PFt_L
116 129 222 134 255
Ctx_AIP_L
117 136 220 166 255
Ctx_EC_L
118 49 48 35 255
Ctx_PreS_L
119 86 57 83 255
Ctx_ProS_L
120 87 59 176 255
Ctx_PeEc_L
121 61 62 51 255
Ctx_STGa_L
122 58 42 26 255
Ctx_PBelt_L
123 195 30 5 255
Ctx_A5_L
124 99 39 6 255
Ctx_PHA1_L
125 69 50 75 255
Ctx_PHA3_L
126 96 102 113 255
Ctx_STSda_L
127 77 51 34 255
Ctx_STSdp_L
128 73 57 39 255
Ctx_STSvp_L
129 71 59 57 255
Ctx_TGd_L
130 35 34 23 255
Ctx_TE1a_L
131 11 14 0 255
Ctx_TE1p_L
132 96 102 94 255
Ctx_TE2a_L
133 67 64 58 255
Ctx_TF_L
134 64 72 56 255
Ctx_TE2p_L
135 105 128 117 255
Ctx_PHT_L
136 217 252 223 255
Ctx_PH_L
137 88 131 163 255
Ctx_TPOJ1_L
138 125 90 64 255
Ctx_TPOJ2_L
139 156 162 138 255
Ctx_TPOJ3_L
140 121 148 145 255
Ctx_DVT_L
141 120 112 190 255
Ctx_PGp_L
142 155 190 228 255
Ctx_IP2_L
143 176 166 174 255
Ctx_IP1_L
144 118 121 128 255
Ctx_IP0_L
145 112 160 207 255
Ctx_PFop_L
146 187 205 145 255
Ctx_PF_L
147 255 255 226 255
Ctx_PFm_L
148 133 105 114 255
Ctx_PGi_L
149 53 62 46 255
Ctx_PGs_L
150 62 67 57 255
Ctx_V6A_L
151 41 89 166 255
Ctx_VMV1_L
152 62 61 155 255
Ctx_VMV3_L
153 49 53 159 255
Ctx_PHA2_L
154 88 90 89 255
Ctx_V4t_L
155 14 79 128 255
Ctx_FST_L
156 92 157 153 255
Ctx_V3CD_L
157 15 46 182 255
Ctx_LO3_L
158 54 94 160 255
Ctx_VMV2_L
159 67 62 161 255
Ctx_31pd_L
160 56 22 45 255
Ctx_31a_L
161 143 105 133 255
Ctx_VVC_L
162 53 61 124 255
Ctx_25_L
163 36 24 14 255
Ctx_s32_L
164 46 35 21 255
Ctx_pOFC_L
165 76 48 53 255
Ctx_PoI1_L
166 164 104 97 255
Ctx_Ig_L
167 110 123 36 255
Ctx_FOP5_L
168 163 102 105 255
Ctx_p10p_L
169 89 64 76 255
Ctx_p47r_L
170 126 123 112 255
Ctx_TGv_L
171 46 51 42 255
Ctx_MBelt_L
172 187 30 24 255
Ctx_LBelt_L
173 233 18 27 255
Ctx_A4_L
174 152 39 4 255
Ctx_STSva_L
175 40 33 22 255
Ctx_TE1m_L
176 59 45 43 255
Ctx_PI_L
177 122 50 50 255
Ctx_a32pr_L
178 130 63 87 255
Ctx_p24_L
179 123 35 74 255
Ctx_V1_R
180 62 0 255 255
Ctx_MST_R
181 50 112 128 255
Ctx_V6_R
182 67 90 180 255
Ctx_V2_R
183 27 56 234 255
Ctx_V3_R
184 19 44 232 255
Ctx_V4_R
185 17 47 220 255
Ctx_V8_R
186 23 68 210 255
Ctx_4_R
187 31 186 26 255
Ctx_3b_R
188 40 197 24 255
Ctx_FEF_R
189 137 155 150 255
Ctx_PEF_R
190 157 182 167 255
Ctx_55b_R
191 105 107 74 255
Ctx_V3A_R
192 19 72 247 255
Ctx_RSC_R
193 149 69 136 255
Ctx_POS2_R
194 205 111 205 255
Ctx_V7_R
195 28 96 192 255
Ctx_IPS1_R
196 63 141 175 255
Ctx_FFC_R
197 52 108 122 255
Ctx_V3B_R
198 40 80 222 255
Ctx_LO1_R
199 13 67 200 255
Ctx_LO2_R
200 19 66 182 255
Ctx_PIT_R
201 37 74 184 255
Ctx_MT_R
202 31 99 108 255
Ctx_A1_R
203 232 10 46 255
Ctx_PSL_R
204 189 148 136 255
Ctx_SFL_R
205 66 60 47 255
Ctx_PCV_R
206 130 146 157 255
Ctx_STV_R
207 139 115 106 255
Ctx_7Pm_R
208 153 213 197 255
Ctx_7m_R
209 47 48 53 255
Ctx_POS1_R
210 83 83 118 255
Ctx_23d_R
211 135 56 98 255
Ctx_v23ab_R
212 26 11 25 255
Ctx_d23ab_R
213 60 16 44 255
Ctx_31pv_R
214 68 17 50 255
Ctx_5m_R
215 43 177 49 255
Ctx_5mv_R
216 139 165 129 255
Ctx_23c_R
217 205 197 195 255
Ctx_5L_R
218 64 163 67 255
Ctx_24dd_R
219 69 167 48 255
Ctx_24dv_R
220 112 161 66 255
Ctx_7AL_R
221 113 187 122 255
Ctx_SCEF_R
222 141 153 111 255
Ctx_6ma_R
223 150 176 139 255
Ctx_7Am_R
224 169 249 216 255
Ctx_7PL_R
225 154 253 227 255
Ctx_7PC_R
226 71 182 106 255
Ctx_LIPv_R
227 61 129 171 255
Ctx_VIP_R
228 54 137 147 255
Ctx_MIP_R
229 126 210 197 255
Ctx_1_R
230 28 199 44 255
Ctx_2_R
231 51 185 69 255
Ctx_3a_R
232 44 225 29 255
Ctx_6d_R
233 31 165 41 255
Ctx_6mp_R
234 67 163 47 255
Ctx_6v_R
235 89 185 66 255
Ctx_p24pr_R
236 152 148 120 255
Ctx_33pr_R
237 117 96 97 255
Ctx_a24pr_R
238 176 134 132 255
Ctx_p32pr_R
239 176 149 134 255
Ctx_a24_R
240 73 18 38 255
Ctx_d32_R
241 109 46 65 255
Ctx_8BM_R
242 130 82 92 255
Ctx_p32_R
243 112 55 80 255
Ctx_10r_R
244 26 4 8 255
Ctx_47m_R
245 79 52 50 255
Ctx_8Av_R
246 79 68 65 255
Ctx_8Ad_R
247 55 62 44 255
Ctx_9m_R
248 43 25 19 255
Ctx_8BL_R
249 35 36 22 255
Ctx_9p_R
250 62 53 49 255
Ctx_10d_R
251 28 23 18 255
Ctx_8C_R
252 119 89 94 255
Ctx_44_R
253 137 102 94 255
Ctx_45_R
254 91 66 57 255
Ctx_47l_R
255 51 26 27 255
Ctx_a47r_R
256 82 70 69 255
Ctx_6r_R
257 191 215 163 255
Ctx_IFJa_R
258 138 123 104 255
Ctx_IFJp_R
259 130 156 136 255
Ctx_IFSp_R
260 124 112 111 255
Ctx_IFSa_R
261 212 214 196 255
Ctx_p9_46v_R
262 149 143 137 255
Ctx_46_R
263 193 213 191 255
Ctx_a9_46v_R
264 177 134 155 255
Ctx_9_46d_R
265 160 135 151 255
Ctx_9a_R
266 64 55 55 255
Ctx_10v_R
267 0 18 4 255
Ctx_a10p_R
268 104 91 112 255
Ctx_10pp_R
269 42 49 51 255
Ctx_11l_R
270 106 98 108 255
Ctx_13l_R
271 95 85 88 255
Ctx_OFC_R
272 41 38 36 255
Ctx_47s_R
273 65 37 38 255
Ctx_LIPd_R
274 145 187 199 255
Ctx_6a_R
275 119 200 143 255
Ctx_i6_8_R
276 107 122 107 255
Ctx_s6_8_R
277 99 93 83 255
Ctx_43_R
278 160 141 69 255
Ctx_OP4_R
279 119 163 49 255
Ctx_OP1_R
280 94 154 36 255
Ctx_OP2_3_R
281 137 130 53 255
Ctx_52_R
282 198 69 61 255
Ctx_RI_R
283 167 86 44 255
Ctx_PFcm_R
284 181 153 90 255
Ctx_PoI2_R
285 126 126 86 255
Ctx_TA2_R
286 137 43 34 255
Ctx_FOP4_R
287 204 158 148 255
Ctx_MI_R
288 169 130 118 255
Ctx_Pir_R
289 52 65 75 255
Ctx_AVI_R
290 155 81 96 255
Ctx_AAIC_R
291 78 42 53 255
Ctx_FOP1_R
292 161 141 91 255
Ctx_FOP3_R
293 186 146 113 255
Ctx_FOP2_R
294 97 163 54 255
Ctx_PFt_R
295 104 209 117 255
Ctx_AIP_R
296 132 228 172 255
Ctx_EC_R
297 44 51 38 255
Ctx_PreS_R
298 83 62 90 255
Ctx_ProS_R
299 85 73 178 255
Ctx_PeEc_R
300 52 63 51 255
Ctx_STGa_R
301 51 50 31 255
Ctx_PBelt_R
302 192 29 10 255
Ctx_A5_R
303 110 39 3 255
Ctx_PHA1_R
304 60 62 78 255
Ctx_PHA3_R
305 76 106 114 255
Ctx_STSda_R
306 70 56 40 255
Ctx_STSdp_R
307 93 58 48 255
Ctx_STSvp_R
308 89 49 61 255
Ctx_TGd_R
309 31 38 28 255
Ctx_TE1a_R
310 7 12 0 255
Ctx_TE1p_R
311 105 109 104 255
Ctx_TE2a_R
312 65 63 59 255
Ctx_TF_R
313 59 81 64 255
Ctx_TE2p_R
314 95 134 120 255
Ctx_PHT_R
315 194 250 212 255
Ctx_PH_R
316 70 144 166 255
Ctx_TPOJ1_R
317 126 100 82 255
Ctx_TPOJ2_R
318 138 176 143 255
Ctx_TPOJ3_R
319 97 155 140 255
Ctx_DVT_R
320 125 137 203 255
Ctx_PGp_R
321 144 214 221 255
Ctx_IP2_R
322 185 181 181 255
Ctx_IP1_R
323 124 123 129 255
Ctx_IP0_R
324 107 179 215 255
Ctx_PFop_R
325 170 201 136 255
Ctx_PF_R
326 255 255 221 255
Ctx_PFm_R
327 160 124 134 255
Ctx_PGi_R
328 54 62 49 255
Ctx_PGs_R
329 89 79 76 255
Ctx_V6A_R
330 50 100 170 255
Ctx_VMV1_R
331 51 76 166 255
Ctx_VMV3_R
332 42 69 171 255
Ctx_PHA2_R
333 74 102 97 255
Ctx_V4t_R
334 13 105 128 255
Ctx_FST_R
335 73 164 149 255
Ctx_V3CD_R
336 22 73 204 255
Ctx_LO3_R
337 56 109 170 255
Ctx_VMV2_R
338 59 76 173 255
Ctx_31pd_R
339 78 27 60 255
Ctx_31a_R
340 141 107 134 255
Ctx_VVC_R
341 53 80 135 255
Ctx_25_R
342 26 19 12 255
Ctx_s32_R
343 27 19 9 255
Ctx_pOFC_R
344 77 53 61 255
Ctx_PoI1_R
345 166 107 103 255
Ctx_Ig_R
346 108 130 41 255
Ctx_FOP5_R
347 184 106 119 255
Ctx_p10p_R
348 92 70 83 255
Ctx_p47r_R
349 149 122 122 255
Ctx_TGv_R
350 56 65 54 255
Ctx_MBelt_R
351 188 17 26 255
Ctx_LBelt_R
352 216 24 28 255
Ctx_A4_R
353 150 40 8 255
Ctx_STSva_R
354 49 40 35 255
Ctx_TE1m_R
355 82 54 59 255
Ctx_PI_R
356 129 59 62 255
Ctx_a32pr_R
357 152 81 109 255
Ctx_p24_R
358 122 44 81 255
Bstem_PBP_L
359 0 114 189 255
Bstem_VTA_L
360 217 83 25 255
Mamm_Nuc_L
361 237 177 32 255
Bstem_PBP_R
362 126 47 142 255
Bstem_VTA_R
363 119 172 48 255
Mamm_Nuc_R
364 77 190 238 255
Bstem_Midbrd_L
365 162 20 47 255
Bstem_Midbd_L
366 0 114 189 255
Bstem_Midbrd_R
367 217 83 25 255
Bstem_Midbd_R
368 237 177 32 255
Bstem_Ponscd_L
369 126 47 142 255
Bstem_Ponscv_L
370 119 172 48 255
Bstem_Pons_R
371 77 190 238 255
Bstem_Ponscv_R
372 162 20 47 255
Bstem_Ponscd_R
373 0 114 189 255
Bstem_Med_L
374 217 83 25 255
Bstem_Med_R
375 237 177 32 255
Thal_Pulv_L
376 126 47 142 255
Thal_LGN_L
377 119 172 48 255
Thal_MGN_SG_Li_Po_L
378 77 190 238 255
Thal_Intralam_L
379 162 20 47 255
Thal_An_L
380 0 114 189 255
Thal_LP_L
381 217 83 25 255
Thal_LD_L
382 237 177 32 255
Thal_MD_L
383 126 47 142 255
Thal_VP_L
384 119 172 48 255
Thal_VA_L
385 77 190 238 255
Thal_VL_VM_L
386 162 20 47 255
Thal_Pulv_R
387 0 114 189 255
Thal_LGN_R
388 217 83 25 255
Thal_MGN_SG_Li_Po_R
389 237 177 32 255
Thal_Intralam_R
390 126 47 142 255
Thal_An_R
391 119 172 48 255
Thal_LP_R
392 77 190 238 255
Thal_LD_R
393 162 20 47 255
Thal_MD_R
394 0 114 189 255
Thal_VP_R
395 217 83 25 255
Thal_VA_R
396 237 177 32 255
Thal_VL_VM_R
397 126 47 142 255
Hythal_L
398 119 172 48 255
Hythal_R
399 77 190 238 255
Haben_L
400 162 20 47 255
Haben_R
401 0 114 189 255
Subic_L
402 217 83 25 255
Hippocampus_L
403 237 177 32 255
Amygdala_L
404 126 47 142 255
Subic_R
405 119 172 48 255
Hippocampus_R
406 77 190 238 255
Amygdala_R
407 162 20 47 255
BST_SLEA_L
408 0 114 189 255
BST_SLEA_R
409 217 83 25 255
NAc_R
410 237 177 32 255
NAc_L
411 126 47 142 255
CAU_R
412 119 172 48 255
CAU_L
413 77 190 238 255
PUT_R
414 162 20 47 255
PUT_L
415 0 114 189 255
GP_R
416 217 83 25 255
GP_L
417 237 177 32 255
Cblm_I_IV_L
418 126 47 142 255
Cblm_I_IV_R
419 119 172 48 255
Cblm_V_L
420 77 190 238 255
Cblm_V_R
421 162 20 47 255
Cblm_VI_L
422 0 114 189 255
Cblm_Vermis_VI
423 0 114 189 255
Cblm_VI_R
424 217 83 25 255
Cblm_CrusI_L
425 237 177 32 255
Cblm_CrusI_R
426 126 47 142 255
Cblm_CrusII_L
427 119 172 48 255
Cblm_Vermis_CrusII
428 77 190 238 255
Cblm_CrusII_R
429 162 20 47 255
Cblm_VIIb_L
430 0 114 189 255
Cblm_Vermis_VIIb
431 217 83 25 255
Cblm_VIIb_R
432 237 177 32 255
Cblm_VIIIa_L
433 126 47 142 255
Cblm_Vermis_VIIIa
434 119 172 48 255
Cblm_VIIIa_R
435 77 190 238 255
Cblm_VIIIb_L
436 162 20 47 255
Cblm_Vermis_VIIIb
437 0 114 189 255
Cblm_VIIIb_R
438 217 83 25 255
Cblm_IX_L
439 237 177 32 255
Cblm_Vermis_IX
440 126 47 142 255
Cblm_IX_R
441 119 172 48 255
Cblm_X_L
442 77 190 238 255
Cblm_Vermis_X
443 162 20 47 255
Cblm_X_R
444 0 114 189 255
Bstem_PAG
445 217 83 25 255
Bstem_SC_L
446 237 177 32 255
Bstem_SC_R
447 126 47 142 255
Bstem_IC_L
448 119 172 48 255
Bstem_IC_R
449 77 190 238 255
Bstem_DR
450 162 20 47 255
Bstem_SN_L
451 0 114 189 255
Bstem_SN_R
452 217 83 25 255
Bstem_VSM_L
453 237 177 32 255
Bstem_VSM_R
454 126 47 142 255
Bstem_RPaOb_B1_B2
455 119 172 48 255
Bstem_CLi_RLi
456 77 190 238 255
Bstem_MedRt_L
457 162 20 47 255
Bstem_MedRt_R
458 0 114 189 255
Bstem_MesRt_L
459 217 83 25 255
Bstem_MesRt_R
460 237 177 32 255
Bstem_OC_L
461 126 47 142 255
Bstem_OC_R
462 119 172 48 255
Bstem_LDTg_CGPn_L
463 77 190 238 255
Bstem_LDTg_CGPn_R
464 162 20 47 255
Bstem_PnO_PnC_L
465 0 114 189 255
Bstem_PnO_PnC_R
466 217 83 25 255
Bstem_MiTg_PBG_L
467 237 177 32 255
Bstem_MiTg_PBG_R
468 126 47 142 255
Bstem_PTg_L
469 119 172 48 255
Bstem_PTg_R
470 77 190 238 255
Bstem_RN_L
471 162 20 47 255
Bstem_RN_R
472 0 114 189 255
Bstem_LCSubC_L
473 217 83 25 255
Bstem_LCSubC_R
474 237 177 32 255
Bstem_Ve_L
475 126 47 142 255
Bstem_Ve_R
476 119 172 48 255
Bstem_STh_L
477 77 190 238 255
Bstem_STh_R
478 162 20 47 255
Bstem_PBN_L
479 0 114 189 255
Bstem_PBN_R
480 217 83 25 255
Bstem_Mn
481 237 177 32 255
