L_V1_ROI
1 63 5 255 255
L_MST_ROI
2 54 103 129 255
L_V6_ROI
3 62 78 178 255
L_V2_ROI
4 23 50 233 255
L_V3_ROI
5 15 40 226 255
L_V4_ROI
6 14 28 214 255
L_V8_ROI
7 26 47 201 255
L_4_ROI
8 33 178 20 255
L_3b_ROI
9 35 205 21 255
L_FEF_ROI
10 134 143 137 255
L_PEF_ROI
11 141 166 152 255
L_55b_ROI
12 62 88 47 255
L_V3A_ROI
13 7 57 246 255
L_RSC_ROI
14 153 64 133 255
L_POS2_ROI
15 186 86 188 255
L_V7_ROI
16 18 70 195 255
L_IPS1_ROI
17 57 114 160 255
L_FFC_ROI
18 57 89 117 255
L_V3B_ROI
19 25 47 206 255
L_LO1_ROI
20 0 49 184 255
L_LO2_ROI
21 18 33 181 255
L_PIT_ROI
22 34 43 171 255
L_MT_ROI
23 31 86 104 255
L_A1_ROI
24 235 19 47 255
L_PSL_ROI
25 122 79 56 255
L_SFL_ROI
26 31 49 22 255
L_PCV_ROI
27 138 128 153 255
L_STV_ROI
28 142 87 76 255
L_7Pm_ROI
29 149 181 188 255
L_7m_ROI
30 42 31 44 255
L_POS1_ROI
31 81 54 98 255
L_23d_ROI
32 127 56 91 255
L_v23ab_ROI
33 29 0 14 255
L_d23ab_ROI
34 63 17 47 255
L_31pv_ROI
35 54 11 42 255
L_5m_ROI
36 48 163 48 255
L_5mv_ROI
37 153 172 136 255
L_23c_ROI
38 205 190 194 255
L_5L_ROI
39 64 154 64 255
L_24dd_ROI
40 69 161 44 255
L_24dv_ROI
41 119 159 66 255
L_7AL_ROI
42 115 194 134 255
L_SCEF_ROI
43 110 146 86 255
L_6ma_ROI
44 144 179 135 255
L_7Am_ROI
45 184 243 224 255
L_7PL_ROI
46 169 246 237 255
L_7PC_ROI
47 68 177 108 255
L_LIPv_ROI
48 63 113 158 255
L_VIP_ROI
49 50 129 137 255
L_MIP_ROI
50 136 206 204 255
L_1_ROI
51 20 191 38 255
L_2_ROI
52 48 176 62 255
L_3a_ROI
53 47 216 22 255
L_6d_ROI
54 26 158 32 255
L_6mp_ROI
55 64 159 38 255
L_6v_ROI
56 71 168 50 255
L_p24pr_ROI
57 146 136 107 255
L_33pr_ROI
58 129 106 103 255
L_a24pr_ROI
59 176 133 130 255
L_p32pr_ROI
60 163 142 121 255
L_a24_ROI
61 67 12 25 255
L_d32_ROI
62 90 41 50 255
L_8BM_ROI
63 105 83 81 255
L_p32_ROI
64 95 32 52 255
L_10r_ROI
65 25 12 1 255
L_47m_ROI
66 96 75 66 255
L_8Av_ROI
67 53 54 43 255
L_8Ad_ROI
68 63 67 48 255
L_9m_ROI
69 43 35 18 255
L_8BL_ROI
70 34 39 20 255
L_9p_ROI
71 38 43 28 255
L_10d_ROI
72 38 35 24 255
L_8C_ROI
73 101 85 84 255
L_44_ROI
74 88 88 62 255
L_45_ROI
75 60 63 42 255
L_47l_ROI
76 51 49 31 255
L_a47r_ROI
77 77 76 66 255
L_6r_ROI
78 178 214 151 255
L_IFJa_ROI
79 126 119 95 255
L_IFJp_ROI
80 137 160 132 255
L_IFSp_ROI
81 97 98 87 255
L_IFSa_ROI
82 188 201 178 255
L_p9-46v_ROI
83 138 149 134 255
L_46_ROI
84 207 217 200 255
L_a9-46v_ROI
85 145 112 128 255
L_9-46d_ROI
86 140 117 131 255
L_9a_ROI
87 55 52 45 255
L_10v_ROI
88 14 35 14 255
L_a10p_ROI
89 98 75 89 255
L_10pp_ROI
90 55 62 58 255
L_11l_ROI
91 129 106 118 255
L_13l_ROI
92 82 60 69 255
L_OFC_ROI
93 40 35 31 255
L_47s_ROI
94 66 35 33 255
L_LIPd_ROI
95 155 180 202 255
L_6a_ROI
96 121 192 136 255
L_i6-8_ROI
97 90 98 83 255
L_s6-8_ROI
98 88 92 73 255
L_43_ROI
99 145 138 64 255
L_OP4_ROI
100 114 157 49 255
L_OP1_ROI
101 99 158 35 255
L_OP2-3_ROI
102 145 127 52 255
L_52_ROI
103 208 72 66 255
L_RI_ROI
104 178 61 23 255
L_PFcm_ROI
105 190 144 89 255
L_PoI2_ROI
106 131 124 83 255
L_TA2_ROI
107 130 42 27 255
L_FOP4_ROI
108 182 148 129 255
L_MI_ROI
109 157 116 106 255
L_Pir_ROI
110 90 66 65 255
L_AVI_ROI
111 141 72 83 255
L_AAIC_ROI
112 85 35 44 255
L_FOP1_ROI
113 160 153 88 255
L_FOP3_ROI
114 175 137 99 255
L_FOP2_ROI
115 99 156 51 255
L_PFt_ROI
116 129 222 134 255
L_AIP_ROI
117 136 220 166 255
L_EC_ROI
118 49 48 35 255
L_PreS_ROI
119 86 57 83 255
L_ProS_ROI
120 87 59 176 255
L_PeEc_ROI
121 61 62 51 255
L_STGa_ROI
122 58 42 26 255
L_PBelt_ROI
123 195 30 5 255
L_A5_ROI
124 99 39 6 255
L_PHA1_ROI
125 69 50 75 255
L_PHA3_ROI
126 96 102 113 255
L_STSda_ROI
127 77 51 34 255
L_STSdp_ROI
128 73 57 39 255
L_STSvp_ROI
129 71 59 57 255
L_TGd_ROI
130 35 34 23 255
L_TE1a_ROI
131 11 14 0 255
L_TE1p_ROI
132 96 102 94 255
L_TE2a_ROI
133 67 64 58 255
L_TF_ROI
134 64 72 56 255
L_TE2p_ROI
135 105 128 117 255
L_PHT_ROI
136 217 252 223 255
L_PH_ROI
137 88 131 163 255
L_TPOJ1_ROI
138 125 90 64 255
L_TPOJ2_ROI
139 156 162 138 255
L_TPOJ3_ROI
140 121 148 145 255
L_DVT_ROI
141 120 112 190 255
L_PGp_ROI
142 155 190 228 255
L_IP2_ROI
143 176 166 174 255
L_IP1_ROI
144 118 121 128 255
L_IP0_ROI
145 112 160 207 255
L_PFop_ROI
146 187 205 145 255
L_PF_ROI
147 255 255 226 255
L_PFm_ROI
148 133 105 114 255
L_PGi_ROI
149 53 62 46 255
L_PGs_ROI
150 62 67 57 255
L_V6A_ROI
151 41 89 166 255
L_VMV1_ROI
152 62 61 155 255
L_VMV3_ROI
153 49 53 159 255
L_PHA2_ROI
154 88 90 89 255
L_V4t_ROI
155 14 79 128 255
L_FST_ROI
156 92 157 153 255
L_V3CD_ROI
157 15 46 182 255
L_LO3_ROI
158 54 94 160 255
L_VMV2_ROI
159 67 62 161 255
L_31pd_ROI
160 56 22 45 255
L_31a_ROI
161 143 105 133 255
L_VVC_ROI
162 53 61 124 255
L_25_ROI
163 36 24 14 255
L_s32_ROI
164 46 35 21 255
L_pOFC_ROI
165 76 48 53 255
L_PoI1_ROI
166 164 104 97 255
L_Ig_ROI
167 110 123 36 255
L_FOP5_ROI
168 163 102 105 255
L_p10p_ROI
169 89 64 76 255
L_p47r_ROI
170 126 123 112 255
L_TGv_ROI
171 46 51 42 255
L_MBelt_ROI
172 187 30 24 255
L_LBelt_ROI
173 233 18 27 255
L_A4_ROI
174 152 39 4 255
L_STSva_ROI
175 40 33 22 255
L_TE1m_ROI
176 59 45 43 255
L_PI_ROI
177 122 50 50 255
L_a32pr_ROI
178 130 63 87 255
L_p24_ROI
179 123 35 74 255
R_V1_ROI
180 62 0 255 255
R_MST_ROI
181 50 112 128 255
R_V6_ROI
182 67 90 180 255
R_V2_ROI
183 27 56 234 255
R_V3_ROI
184 19 44 232 255
R_V4_ROI
185 17 47 220 255
R_V8_ROI
186 23 68 210 255
R_4_ROI
187 31 186 26 255
R_3b_ROI
188 40 197 24 255
R_FEF_ROI
189 137 155 150 255
R_PEF_ROI
190 157 182 167 255
R_55b_ROI
191 105 107 74 255
R_V3A_ROI
192 19 72 247 255
R_RSC_ROI
193 149 69 136 255
R_POS2_ROI
194 205 111 205 255
R_V7_ROI
195 28 96 192 255
R_IPS1_ROI
196 63 141 175 255
R_FFC_ROI
197 52 108 122 255
R_V3B_ROI
198 40 80 222 255
R_LO1_ROI
199 13 67 200 255
R_LO2_ROI
200 19 66 182 255
R_PIT_ROI
201 37 74 184 255
R_MT_ROI
202 31 99 108 255
R_A1_ROI
203 232 10 46 255
R_PSL_ROI
204 189 148 136 255
R_SFL_ROI
205 66 60 47 255
R_PCV_ROI
206 130 146 157 255
R_STV_ROI
207 139 115 106 255
R_7Pm_ROI
208 153 213 197 255
R_7m_ROI
209 47 48 53 255
R_POS1_ROI
210 83 83 118 255
R_23d_ROI
211 135 56 98 255
R_v23ab_ROI
212 26 11 25 255
R_d23ab_ROI
213 60 16 44 255
R_31pv_ROI
214 68 17 50 255
R_5m_ROI
215 43 177 49 255
R_5mv_ROI
216 139 165 129 255
R_23c_ROI
217 205 197 195 255
R_5L_ROI
218 64 163 67 255
R_24dd_ROI
219 69 167 48 255
R_24dv_ROI
220 112 161 66 255
R_7AL_ROI
221 113 187 122 255
R_SCEF_ROI
222 141 153 111 255
R_6ma_ROI
223 150 176 139 255
R_7Am_ROI
224 169 249 216 255
R_7PL_ROI
225 154 253 227 255
R_7PC_ROI
226 71 182 106 255
R_LIPv_ROI
227 61 129 171 255
R_VIP_ROI
228 54 137 147 255
R_MIP_ROI
229 126 210 197 255
R_1_ROI
230 28 199 44 255
R_2_ROI
231 51 185 69 255
R_3a_ROI
232 44 225 29 255
R_6d_ROI
233 31 165 41 255
R_6mp_ROI
234 67 163 47 255
R_6v_ROI
235 89 185 66 255
R_p24pr_ROI
236 152 148 120 255
R_33pr_ROI
237 117 96 97 255
R_a24pr_ROI
238 176 134 132 255
R_p32pr_ROI
239 176 149 134 255
R_a24_ROI
240 73 18 38 255
R_d32_ROI
241 109 46 65 255
R_8BM_ROI
242 130 82 92 255
R_p32_ROI
243 112 55 80 255
R_10r_ROI
244 26 4 8 255
R_47m_ROI
245 79 52 50 255
R_8Av_ROI
246 79 68 65 255
R_8Ad_ROI
247 55 62 44 255
R_9m_ROI
248 43 25 19 255
R_8BL_ROI
249 35 36 22 255
R_9p_ROI
250 62 53 49 255
R_10d_ROI
251 28 23 18 255
R_8C_ROI
252 119 89 94 255
R_44_ROI
253 137 102 94 255
R_45_ROI
254 91 66 57 255
R_47l_ROI
255 51 26 27 255
R_a47r_ROI
256 82 70 69 255
R_6r_ROI
257 191 215 163 255
R_IFJa_ROI
258 138 123 104 255
R_IFJp_ROI
259 130 156 136 255
R_IFSp_ROI
260 124 112 111 255
R_IFSa_ROI
261 212 214 196 255
R_p9-46v_ROI
262 149 143 137 255
R_46_ROI
263 193 213 191 255
R_a9-46v_ROI
264 177 134 155 255
R_9-46d_ROI
265 160 135 151 255
R_9a_ROI
266 64 55 55 255
R_10v_ROI
267 0 18 4 255
R_a10p_ROI
268 104 91 112 255
R_10pp_ROI
269 42 49 51 255
R_11l_ROI
270 106 98 108 255
R_13l_ROI
271 95 85 88 255
R_OFC_ROI
272 41 38 36 255
R_47s_ROI
273 65 37 38 255
R_LIPd_ROI
274 145 187 199 255
R_6a_ROI
275 119 200 143 255
R_i6-8_ROI
276 107 122 107 255
R_s6-8_ROI
277 99 93 83 255
R_43_ROI
278 160 141 69 255
R_OP4_ROI
279 119 163 49 255
R_OP1_ROI
280 94 154 36 255
R_OP2-3_ROI
281 137 130 53 255
R_52_ROI
282 198 69 61 255
R_RI_ROI
283 167 86 44 255
R_PFcm_ROI
284 181 153 90 255
R_PoI2_ROI
285 126 126 86 255
R_TA2_ROI
286 137 43 34 255
R_FOP4_ROI
287 204 158 148 255
R_MI_ROI
288 169 130 118 255
R_Pir_ROI
289 52 65 75 255
R_AVI_ROI
290 155 81 96 255
R_AAIC_ROI
291 78 42 53 255
R_FOP1_ROI
292 161 141 91 255
R_FOP3_ROI
293 186 146 113 255
R_FOP2_ROI
294 97 163 54 255
R_PFt_ROI
295 104 209 117 255
R_AIP_ROI
296 132 228 172 255
R_EC_ROI
297 44 51 38 255
R_PreS_ROI
298 83 62 90 255
R_ProS_ROI
299 85 73 178 255
R_PeEc_ROI
300 52 63 51 255
R_STGa_ROI
301 51 50 31 255
R_PBelt_ROI
302 192 29 10 255
R_A5_ROI
303 110 39 3 255
R_PHA1_ROI
304 60 62 78 255
R_PHA3_ROI
305 76 106 114 255
R_STSda_ROI
306 70 56 40 255
R_STSdp_ROI
307 93 58 48 255
R_STSvp_ROI
308 89 49 61 255
R_TGd_ROI
309 31 38 28 255
R_TE1a_ROI
310 7 12 0 255
R_TE1p_ROI
311 105 109 104 255
R_TE2a_ROI
312 65 63 59 255
R_TF_ROI
313 59 81 64 255
R_TE2p_ROI
314 95 134 120 255
R_PHT_ROI
315 194 250 212 255
R_PH_ROI
316 70 144 166 255
R_TPOJ1_ROI
317 126 100 82 255
R_TPOJ2_ROI
318 138 176 143 255
R_TPOJ3_ROI
319 97 155 140 255
R_DVT_ROI
320 125 137 203 255
R_PGp_ROI
321 144 214 221 255
R_IP2_ROI
322 185 181 181 255
R_IP1_ROI
323 124 123 129 255
R_IP0_ROI
324 107 179 215 255
R_PFop_ROI
325 170 201 136 255
R_PF_ROI
326 255 255 221 255
R_PFm_ROI
327 160 124 134 255
R_PGi_ROI
328 54 62 49 255
R_PGs_ROI
329 89 79 76 255
R_V6A_ROI
330 50 100 170 255
R_VMV1_ROI
331 51 76 166 255
R_VMV3_ROI
332 42 69 171 255
R_PHA2_ROI
333 74 102 97 255
R_V4t_ROI
334 13 105 128 255
R_FST_ROI
335 73 164 149 255
R_V3CD_ROI
336 22 73 204 255
R_LO3_ROI
337 56 109 170 255
R_VMV2_ROI
338 59 76 173 255
R_31pd_ROI
339 78 27 60 255
R_31a_ROI
340 141 107 134 255
R_VVC_ROI
341 53 80 135 255
R_25_ROI
342 26 19 12 255
R_s32_ROI
343 27 19 9 255
R_pOFC_ROI
344 77 53 61 255
R_PoI1_ROI
345 166 107 103 255
R_Ig_ROI
346 108 130 41 255
R_FOP5_ROI
347 184 106 119 255
R_p10p_ROI
348 92 70 83 255
R_p47r_ROI
349 149 122 122 255
R_TGv_ROI
350 56 65 54 255
R_MBelt_ROI
351 188 17 26 255
R_LBelt_ROI
352 216 24 28 255
R_A4_ROI
353 150 40 8 255
R_STSva_ROI
354 49 40 35 255
R_TE1m_ROI
355 82 54 59 255
R_PI_ROI
356 129 59 62 255
R_a32pr_ROI
357 152 81 109 255
R_p24_ROI
358 122 44 81 255
Bstem_PBP_L
359 0 114 189 255
Bstem_VTA_L
360 217 83 25 255
Mamm_Nuc_L
361 237 177 32 255
Bstem_PBP_R
362 126 47 142 255
Bstem_VTA_R
363 119 172 48 255
Mamm_Nuc_R
364 77 190 238 255
Bstem_Midbrd_L
365 162 20 47 255
Bstem_Midbd_L
366 0 114 189 255
Bstem_Midbrd_R
367 217 83 25 255
Bstem_Midbd_R
368 237 177 32 255
Bstem_Ponscd_L
369 126 47 142 255
Bstem_Ponscv_L
370 119 172 48 255
Bstem_Pons_R
371 77 190 238 255
Bstem_Ponscv_R
372 162 20 47 255
Bstem_Ponscd_R
373 0 114 189 255
Bstem_Med_L
374 217 83 25 255
Bstem_Med_R
375 237 177 32 255
Thal_Pulv_L
376 126 47 142 255
Thal_LGN_L
377 119 172 48 255
Thal_MGN_SG_Li_Po_L
378 77 190 238 255
Thal_Intralam_L
379 162 20 47 255
Thal_An_L
380 0 114 189 255
Thal_LP_L
381 217 83 25 255
Thal_LD_L
382 237 177 32 255
Thal_MD_L
383 126 47 142 255
Thal_VP_L
384 119 172 48 255
Thal_VA_L
385 77 190 238 255
Thal_VL_VM_L
386 162 20 47 255
Thal_Pulv_R
387 0 114 189 255
Thal_LGN_R
388 217 83 25 255
Thal_MGN_SG_Li_Po_R
389 237 177 32 255
Thal_Intralam_R
390 126 47 142 255
Thal_An_R
391 119 172 48 255
Thal_LP_R
392 77 190 238 255
Thal_LD_R
393 162 20 47 255
Thal_MD_R
394 0 114 189 255
Thal_VP_R
395 217 83 25 255
Thal_VA_R
396 237 177 32 255
Thal_VL_VM_R
397 126 47 142 255
Hythal_L
398 119 172 48 255
Hythal_R
399 77 190 238 255
Haben_L
400 162 20 47 255
Haben_R
401 0 114 189 255
Subic_L
402 217 83 25 255
Hippocampus_L
403 237 177 32 255
Amygdala_L
404 126 47 142 255
Subic_R
405 119 172 48 255
Hippocampus_R
406 77 190 238 255
Amygdala_R
407 162 20 47 255
BST_SLEA_L
408 0 114 189 255
BST_SLEA_R
409 217 83 25 255
NAc_R
410 237 177 32 255
NAc_L
411 126 47 142 255
CAU_R
412 119 172 48 255
CAU_L
413 77 190 238 255
PUT_R
414 162 20 47 255
PUT_L
415 0 114 189 255
GP_R
416 217 83 25 255
GP_L
417 237 177 32 255
Cblm_I_IV_L
418 126 47 142 255
Cblm_I_IV_R
419 119 172 48 255
Cblm_V_L
420 77 190 238 255
Cblm_V_R
421 162 20 47 255
Cblm_VI_L
422 0 114 189 255
Cblm_Vermis_VI
423 0 114 189 255
Cblm_VI_R
424 217 83 25 255
Cblm_CrusI_L
425 237 177 32 255
Cblm_CrusI_R
426 126 47 142 255
Cblm_CrusII_L
427 119 172 48 255
Cblm_Vermis_CrusII
428 77 190 238 255
Cblm_CrusII_R
429 162 20 47 255
Cblm_VIIb_L
430 0 114 189 255
Cblm_Vermis_VIIb
431 217 83 25 255
Cblm_VIIb_R
432 237 177 32 255
Cblm_VIIIa_L
433 126 47 142 255
Cblm_Vermis_VIIIa
434 119 172 48 255
Cblm_VIIIa_R
435 77 190 238 255
Cblm_VIIIb_L
436 162 20 47 255
Cblm_Vermis_VIIIb
437 0 114 189 255
Cblm_VIIIb_R
438 217 83 25 255
Cblm_IX_L
439 237 177 32 255
Cblm_Vermis_IX
440 126 47 142 255
Cblm_IX_R
441 119 172 48 255
Cblm_X_L
442 77 190 238 255
Cblm_Vermis_X
443 162 20 47 255
Cblm_X_R
444 0 114 189 255
Bstem_PAG
445 217 83 25 255
Bstem_SC_L
446 237 177 32 255
Bstem_SC_R
447 126 47 142 255
Bstem_IC_L
448 119 172 48 255
Bstem_IC_R
449 77 190 238 255
Bstem_DR
450 162 20 47 255
Bstem_SN_L
451 0 114 189 255
Bstem_SN_R
452 217 83 25 255
Bstem_VSM_L
453 237 177 32 255
Bstem_VSM_R
454 126 47 142 255
Bstem_RPaOb_B1_B2
455 119 172 48 255
Bstem_CLi_RLi
456 77 190 238 255
Bstem_MedRt_L
457 162 20 47 255
Bstem_MedRt_R
458 0 114 189 255
Bstem_MesRt_L
459 217 83 25 255
Bstem_MesRt_R
460 237 177 32 255
Bstem_OC_L
461 126 47 142 255
Bstem_OC_R
462 119 172 48 255
Bstem_LDTg_CGPn_L
463 77 190 238 255
Bstem_LDTg_CGPn_R
464 162 20 47 255
Bstem_PnO_PnC_L
465 0 114 189 255
Bstem_PnO_PnC_R
466 217 83 25 255
Bstem_MiTg_PBG_L
467 237 177 32 255
Bstem_MiTg_PBG_R
468 126 47 142 255
Bstem_PTg_L
469 119 172 48 255
Bstem_PTg_R
470 77 190 238 255
Bstem_RN_L
471 162 20 47 255
Bstem_RN_R
472 0 114 189 255
Bstem_LCSubC_L
473 217 83 25 255
Bstem_LCSubC_R
474 237 177 32 255
Bstem_Ve_L
475 126 47 142 255
Bstem_Ve_R
476 119 172 48 255
Bstem_STh_L
477 77 190 238 255
Bstem_STh_R
478 162 20 47 255
Bstem_PBN_L
479 0 114 189 255
Bstem_PBN_R
480 217 83 25 255
Bstem_Mn
481 237 177 32 255
